55.944425,-3.188396,WSW,55.94431019497029,-3.1886731638597534,0.0,248.75
55.94431019497029,-3.1886731638597534,S,55.94401019497029,-3.1886731638597534,96.7260752348259,273.14046453096444
55.94401019497029,-3.1886731638597534,SSW,55.94373303111053,-3.188787968889463,139.19590593677708,325.9748117637365
55.94373303111053,-3.188787968889463,NNW,55.94401019497029,-3.1889027739191724,139.19590593677708,324.7248117637365
55.94401019497029,-3.1889027739191724,SW,55.94379806293593,-3.189114905953528,221.42543944049783,331.860842347847
55.94379806293593,-3.189114905953528,NNE,55.94407522679569,-3.1890001009238187,221.42543944049783,330.610842347847
55.94407522679569,-3.1890001009238187,NW,55.944287358830046,-3.1892122329581745,221.42543944049783,329.360842347847
55.944287358830046,-3.1892122329581745,SSE,55.94401019497029,-3.189097427928465,221.42543944049783,328.110842347847
55.94401019497029,-3.189097427928465,NE,55.944222327004645,-3.188885295894109,221.42543944049783,326.860842347847
55.944222327004645,-3.188885295894109,SW,55.94401019497029,-3.189097427928465,221.42543944049783,325.610842347847
55.94401019497029,-3.189097427928465,SSW,55.94373303111053,-3.1892122329581745,221.42543944049783,324.360842347847
55.94373303111053,-3.1892122329581745,NNW,55.94401019497029,-3.189327037987884,221.42543944049783,323.110842347847
55.94401019497029,-3.189327037987884,E,55.94401019497029,-3.189027037987884,221.42543944049783,321.860842347847
55.94401019497029,-3.189027037987884,WSW,55.94389538994058,-3.189304201847637,221.42543944049783,320.610842347847
55.94389538994058,-3.189304201847637,ESE,55.94378058491087,-3.189027037987884,221.42543944049783,319.360842347847
55.94378058491087,-3.189027037987884,SSE,55.94350342105111,-3.1889122329581743,221.42543944049783,318.110842347847
55.94350342105111,-3.1889122329581743,NNW,55.94378058491087,-3.189027037987884,221.42543944049783,316.860842347847
55.94378058491087,-3.189027037987884,N,55.94408058491087,-3.189027037987884,221.42543944049783,315.610842347847
55.94408058491087,-3.189027037987884,SE,55.943868452876515,-3.188814905953528,221.42543944049783,314.360842347847
55.943868452876515,-3.188814905953528,SE,55.94365632084216,-3.1886027739191722,221.42543944049783,313.110842347847
55.94365632084216,-3.1886027739191722,ESE,55.94354151581245,-3.188325610059419,239.5653726369068,326.4364118549425
55.94354151581245,-3.188325610059419,NNE,55.943818679672205,-3.1882108050297093,239.5653726369068,325.1864118549425
55.943818679672205,-3.1882108050297093,NNW,55.94409584353196,-3.188325610059419,239.5653726369068,323.9364118549425
55.94409584353196,-3.188325610059419,SW,55.943883711497605,-3.1885377420937746,239.5653726369068,322.6864118549425
55.943883711497605,-3.1885377420937746,S,55.9435837114976,-3.1885377420937746,239.5653726369068,321.4364118549425
55.9435837114976,-3.1885377420937746,WNW,55.94369851652731,-3.188814905953528,239.5653726369068,320.1864118549425
55.94369851652731,-3.188814905953528,SSE,55.943421352667556,-3.1887001009238185,239.5653726369068,318.9364118549425
55.943421352667556,-3.1887001009238185,SSW,55.9431441888078,-3.188814905953528,239.5653726369068,317.6864118549425
55.9431441888078,-3.188814905953528,ESE,55.94302938377809,-3.1885377420937746,264.8864246439999,418.4550646457708
55.94302938377809,-3.1885377420937746,E,55.94302938377809,-3.1882377420937744,268.97797520564586,429.18849130519624
55.94302938377809,-3.1882377420937744,W,55.94302938377809,-3.1885377420937746,268.97797520564586,427.93849130519624
55.94302938377809,-3.1885377420937746,ESE,55.94291457874838,-3.188260578234021,268.97797520564586,426.68849130519624
55.94291457874838,-3.188260578234021,NNW,55.943191742608136,-3.1883753832637307,268.97797520564586,425.43849130519624
55.943191742608136,-3.1883753832637307,SW,55.94297961057378,-3.1885875152980865,268.97797520564586,424.18849130519624
55.94297961057378,-3.1885875152980865,N,55.94327961057378,-3.1885875152980865,268.97797520564586,422.93849130519624
55.94327961057378,-3.1885875152980865,NNW,55.94355677443354,-3.188702320327796,268.97797520564586,421.68849130519624
55.94355677443354,-3.188702320327796,NNE,55.943833938293295,-3.1885875152980865,268.97797520564586,420.43849130519624
55.943833938293295,-3.1885875152980865,ESE,55.943719133263585,-3.188310351438333,268.97797520564586,419.18849130519624
55.943719133263585,-3.188310351438333,SE,55.94350700122923,-3.1880982194039773,268.97797520564586,417.93849130519624
55.94350700122923,-3.1880982194039773,S,55.943207001229226,-3.1880982194039773,268.97797520564586,416.68849130519624
55.943207001229226,-3.1880982194039773,E,55.943207001229226,-3.187798219403977,268.97797520564586,415.43849130519624
55.943207001229226,-3.187798219403977,SE,55.94299486919487,-3.1875860873696213,361.286106714376,508.2615757442043
55.94299486919487,-3.1875860873696213,NE,55.943207001229226,-3.1873739553352656,361.286106714376,507.0115757442043
55.943207001229226,-3.1873739553352656,E,55.943207001229226,-3.1870739553352654,460.30880351150097,613.0044194370096
55.943207001229226,-3.1870739553352654,NW,55.94341913326358,-3.187286087369621,460.30880351150097,611.7544194370096
55.94341913326358,-3.187286087369621,NW,55.94363126529794,-3.187498219403977,460.30880351150097,610.5044194370096
55.94363126529794,-3.187498219403977,SE,55.94341913326358,-3.187286087369621,460.30880351150097,609.2544194370096
55.94341913326358,-3.187286087369621,NNE,55.94369629712334,-3.1871712823399116,460.30880351150097,608.0044194370096
55.94369629712334,-3.1871712823399116,SW,55.94348416508898,-3.1873834143742674,460.30880351150097,606.7544194370096
55.94348416508898,-3.1873834143742674,E,55.94348416508898,-3.1870834143742672,460.30880351150097,605.5044194370096
55.94348416508898,-3.1870834143742672,SW,55.943272033054626,-3.187295546408623,460.30880351150097,604.2544194370096
55.943272033054626,-3.187295546408623,NW,55.94348416508898,-3.1875076784429788,460.30880351150097,603.0044194370096
55.94348416508898,-3.1875076784429788,ESE,55.94336936005927,-3.1872305145832254,460.30880351150097,601.7544194370096
55.94336936005927,-3.1872305145832254,E,55.94336936005927,-3.186930514583225,460.30880351150097,600.5044194370096
55.94336936005927,-3.186930514583225,ESE,55.94325455502956,-3.186653350723472,483.6095435360335,667.0613338049639
55.94325455502956,-3.186653350723472,S,55.94295455502956,-3.186653350723472,483.6095435360335,665.8113338049639
55.94295455502956,-3.186653350723472,WSW,55.94283974999985,-3.186930514583225,483.6095435360335,664.5613338049639
55.94283974999985,-3.186930514583225,WNW,55.94295455502956,-3.1872076784429786,483.6095435360335,663.3113338049639
55.94295455502956,-3.1872076784429786,E,55.94295455502956,-3.1869076784429784,483.6095435360335,662.0613338049639
55.94295455502956,-3.1869076784429784,S,55.942654555029556,-3.1869076784429784,483.6095435360335,660.8113338049639
55.942654555029556,-3.1869076784429784,NE,55.94286668706391,-3.1866955464086226,483.6095435360335,659.5613338049639
55.94286668706391,-3.1866955464086226,WNW,55.94298149209362,-3.186972710268376,483.6095435360335,658.3113338049639
55.94298149209362,-3.186972710268376,NNW,55.94325865595338,-3.1870875152980855,483.6095435360335,657.0613338049639
55.94325865595338,-3.1870875152980855,N,55.94355865595338,-3.1870875152980855,483.6095435360335,655.8113338049639
55.94355865595338,-3.1870875152980855,WNW,55.94367346098309,-3.187364679157839,483.6095435360335,654.5613338049639
55.94367346098309,-3.187364679157839,NE,55.94388559301745,-3.187152547123483,483.6095435360335,653.3113338049639
55.94388559301745,-3.187152547123483,ESE,55.94377078798774,-3.1868753832637298,483.6095435360335,652.0613338049639
55.94377078798774,-3.1868753832637298,NE,55.943982920022094,-3.186663251229374,483.6095435360335,650.8113338049639
55.943982920022094,-3.186663251229374,N,55.9442829200221,-3.186663251229374,519.3539872567563,658.5312655566546
55.9442829200221,-3.186663251229374,E,55.9442829200221,-3.186363251229374,627.4908921629782,737.1867481753153
55.9442829200221,-3.186363251229374,NNW,55.94456008388185,-3.1864780562590833,627.4908921629782,735.9367481753153
55.94456008388185,-3.1864780562590833,NNW,55.94483724774161,-3.186592861288793,627.4908921629782,734.6867481753153
55.94483724774161,-3.186592861288793,ENE,55.94495205277132,-3.1863156974290394,627.4908921629782,733.4367481753153
55.94495205277132,-3.1863156974290394,S,55.94465205277132,-3.1863156974290394,627.4908921629782,732.1867481753153
55.94465205277132,-3.1863156974290394,WSW,55.94453724774161,-3.186592861288793,627.4908921629782,730.9367481753153
55.94453724774161,-3.186592861288793,NE,55.94474937977596,-3.186380729254437,627.4908921629782,729.6867481753153
55.94474937977596,-3.186380729254437,SW,55.94453724774161,-3.186592861288793,627.4908921629782,728.4367481753153
55.94453724774161,-3.186592861288793,NE,55.94474937977596,-3.186380729254437,627.4908921629782,727.1867481753153
55.94474937977596,-3.186380729254437,NNE,55.94502654363572,-3.1862659242247275,627.4908921629782,725.9367481753153
55.94502654363572,-3.1862659242247275,N,55.94532654363572,-3.1862659242247275,627.4908921629782,724.6867481753153
55.94532654363572,-3.1862659242247275,N,55.945626543635726,-3.1862659242247275,746.7722822522812,841.6296286691814
55.945626543635726,-3.1862659242247275,NE,55.94583867567008,-3.1860537921903718,746.7722822522812,840.3796286691814
55.94583867567008,-3.1860537921903718,SE,55.945626543635726,-3.185841660156016,746.7722822522812,839.1296286691814
55.945626543635726,-3.185841660156016,E,55.945626543635726,-3.185541660156016,746.7722822522812,837.8796286691814
55.945626543635726,-3.185541660156016,ESE,55.945511738606015,-3.1852644962962624,749.911237746581,877.5935334842147
55.945511738606015,-3.1852644962962624,WSW,55.945396933576305,-3.185541660156016,749.911237746581,876.3435334842147
55.945396933576305,-3.185541660156016,NNW,55.94567409743606,-3.1856564651857253,749.911237746581,875.0935334842147
55.94567409743606,-3.1856564651857253,SSE,55.945396933576305,-3.185541660156016,749.911237746581,873.8435334842147
55.945396933576305,-3.185541660156016,SE,55.94518480154195,-3.18532952812166,749.911237746581,872.5935334842147
55.94518480154195,-3.18532952812166,WSW,55.94506999651224,-3.1856066919814134,749.911237746581,871.3435334842147
55.94506999651224,-3.1856066919814134,S,55.944769996512235,-3.1856066919814134,851.6380697474094,979.3863703889339
55.944769996512235,-3.1856066919814134,SSW,55.94449283265248,-3.185721497011123,886.7482265744679,981.4471191042629
55.94449283265248,-3.185721497011123,S,55.944192832652476,-3.185721497011123,888.9254298765137,1034.5118725067143
55.944192832652476,-3.185721497011123,NE,55.94440496468683,-3.185509364976767,888.9254298765137,1033.2618725067143
55.94440496468683,-3.185509364976767,ENE,55.94451976971654,-3.1852322011170138,888.9254298765137,1032.0118725067143
55.94451976971654,-3.1852322011170138,WSW,55.94440496468683,-3.185509364976767,888.9254298765137,1030.7618725067143
55.94440496468683,-3.185509364976767,N,55.944704964686835,-3.185509364976767,888.9254298765137,1029.5118725067143
55.944704964686835,-3.185509364976767,NW,55.94491709672119,-3.185721497011123,888.9254298765137,1028.2618725067143
55.94491709672119,-3.185721497011123,SE,55.944704964686835,-3.185509364976767,888.9254298765137,1027.0118725067143
55.944704964686835,-3.185509364976767,NW,55.94491709672119,-3.185721497011123,888.9254298765137,1025.7618725067143
55.94491709672119,-3.185721497011123,ESE,55.94480229169148,-3.1854443331513695,888.9254298765137,1024.5118725067143
55.94480229169148,-3.1854443331513695,NNE,55.94507945555124,-3.18532952812166,888.9254298765137,1023.2618725067143
55.94507945555124,-3.18532952812166,NNE,55.945356619410994,-3.1852147230919505,888.9254298765137,1022.0118725067143
55.945356619410994,-3.1852147230919505,N,55.945656619411,-3.1852147230919505,888.9254298765137,1020.7618725067143
55.945656619411,-3.1852147230919505,NW,55.94586875144535,-3.1854268551263063,888.9254298765137,1019.5118725067143
55.94586875144535,-3.1854268551263063,W,55.94586875144535,-3.1857268551263065,888.9254298765137,1018.2618725067143
55.94586875144535,-3.1857268551263065,SSW,55.9455915875856,-3.185841660156016,888.9254298765137,1017.0118725067143
55.9455915875856,-3.185841660156016,E,55.9455915875856,-3.185541660156016,888.9254298765137,1015.7618725067143
55.9455915875856,-3.185541660156016,SE,55.94537945555124,-3.18532952812166,888.9254298765137,1014.5118725067143
55.94537945555124,-3.18532952812166,NE,55.9455915875856,-3.1851173960873043,888.9254298765137,1013.2618725067143
55.9455915875856,-3.1851173960873043,WSW,55.945476782555886,-3.1853945599470577,888.9254298765137,1012.0118725067143
55.945476782555886,-3.1853945599470577,WSW,55.945361977526176,-3.185671723806811,888.9254298765137,1010.7618725067143
55.945361977526176,-3.185671723806811,NNE,55.94563914138593,-3.1855569187771016,888.9254298765137,1009.5118725067143
55.94563914138593,-3.1855569187771016,SE,55.945427009351576,-3.185344786742746,888.9254298765137,1008.2618725067143
55.945427009351576,-3.185344786742746,SSW,55.94514984549182,-3.1854595917724553,888.9254298765137,1007.0118725067143
55.94514984549182,-3.1854595917724553,SE,55.94493771345746,-3.1852474597380995,888.9254298765137,1005.7618725067143
55.94493771345746,-3.1852474597380995,SSW,55.94466054959771,-3.185362264767809,888.9254298765137,1004.5118725067143
55.94466054959771,-3.185362264767809,SSW,55.94438338573795,-3.1854770697975185,888.9254298765137,1003.2618725067143
55.94438338573795,-3.1854770697975185,WNW,55.94449819076766,-3.185754233657272,888.9254298765137,1002.0118725067143
55.94449819076766,-3.185754233657272,SW,55.944286058733304,-3.1859663656916277,888.9254298765137,1000.7618725067143
55.944286058733304,-3.1859663656916277,SSW,55.94400889487355,-3.1860811707213372,888.9254298765137,999.5118725067143
55.94400889487355,-3.1860811707213372,ENE,55.94412369990326,-3.185804006861584,888.9254298765137,998.2618725067143
55.94412369990326,-3.185804006861584,WSW,55.94400889487355,-3.1860811707213372,888.9254298765137,997.0118725067143
55.94400889487355,-3.1860811707213372,WNW,55.94412369990326,-3.1863583345810906,888.9254298765137,995.7618725067143
55.94412369990326,-3.1863583345810906,SE,55.9439115678689,-3.186146202546735,888.9254298765137,994.5118725067143
55.9439115678689,-3.186146202546735,NNE,55.94418873172866,-3.1860313975170254,888.9254298765137,993.2618725067143
55.94418873172866,-3.1860313975170254,NE,55.944400863763015,-3.1858192654826696,888.9254298765137,992.0118725067143
55.944400863763015,-3.1858192654826696,SSE,55.94412369990326,-3.18570446045296,888.9254298765137,990.7618725067143
55.94412369990326,-3.18570446045296,SSE,55.9438465360435,-3.1855896554232506,888.9254298765137,989.5118725067143
55.9438465360435,-3.1855896554232506,SSW,55.943569372183745,-3.18570446045296,888.9254298765137,988.2618725067143
55.943569372183745,-3.18570446045296,ENE,55.943684177213456,-3.1854272965932067,888.9254298765137,987.0118725067143
55.943684177213456,-3.1854272965932067,NNE,55.94396134107321,-3.185312491563497,888.9254298765137,985.7618725067143
55.94396134107321,-3.185312491563497,NE,55.94417347310757,-3.1851003595291414,888.9254298765137,984.5118725067143
55.94417347310757,-3.1851003595291414,W,55.94417347310757,-3.1854003595291416,888.9254298765137,983.2618725067143
55.94417347310757,-3.1854003595291416,NW,55.944385605141925,-3.1856124915634974,888.9254298765137,982.0118725067143
55.944385605141925,-3.1856124915634974,WSW,55.944270800112214,-3.1858896554232508,888.9254298765137,980.7618725067143
55.944270800112214,-3.1858896554232508,SW,55.94405866807786,-3.1861017874576065,888.9254298765137,979.5118725067143
55.94405866807786,-3.1861017874576065,NW,55.944270800112214,-3.1863139194919623,888.9254298765137,978.2618725067143
55.944270800112214,-3.1863139194919623,SSW,55.94399363625246,-3.186428724521672,888.9254298765137,977.0118725067143
55.94399363625246,-3.186428724521672,WNW,55.94410844128217,-3.186705888381425,888.9254298765137,975.7618725067143
55.94410844128217,-3.186705888381425,E,55.94410844128217,-3.186405888381425,888.9254298765137,974.5118725067143
55.94410844128217,-3.186405888381425,WNW,55.94422324631188,-3.1866830522411784,888.9254298765137,973.2618725067143
55.94422324631188,-3.1866830522411784,WNW,55.94433805134159,-3.186960216100932,888.9254298765137,972.0118725067143
55.94433805134159,-3.186960216100932,SE,55.94412591930723,-3.186748084066576,888.9254298765137,970.7618725067143
55.94412591930723,-3.186748084066576,NW,55.94433805134159,-3.186960216100932,888.9254298765137,969.5118725067143
55.94433805134159,-3.186960216100932,S,55.944038051341586,-3.186960216100932,888.9254298765137,968.2618725067143
55.944038051341586,-3.186960216100932,NE,55.94425018337594,-3.186748084066576,888.9254298765137,967.0118725067143
55.94425018337594,-3.186748084066576,SE,55.944038051341586,-3.1865359520322203,888.9254298765137,965.7618725067143
55.944038051341586,-3.1865359520322203,E,55.944038051341586,-3.18623595203222,888.9254298765137,964.5118725067143
55.944038051341586,-3.18623595203222,SW,55.94382591930723,-3.186448084066576,888.9254298765137,963.2618725067143
55.94382591930723,-3.186448084066576,W,55.94382591930723,-3.186748084066576,888.9254298765137,962.0118725067143
55.94382591930723,-3.186748084066576,NE,55.944038051341586,-3.1865359520322203,888.9254298765137,960.7618725067143
55.944038051341586,-3.1865359520322203,SE,55.94382591930723,-3.1863238199978645,888.9254298765137,959.5118725067143
55.94382591930723,-3.1863238199978645,NNE,55.944103083166986,-3.186209014968155,888.9254298765137,958.2618725067143
55.944103083166986,-3.186209014968155,S,55.94380308316698,-3.186209014968155,888.9254298765137,957.0118725067143
55.94380308316698,-3.186209014968155,ENE,55.943917888196694,-3.1859318511084016,888.9254298765137,955.7618725067143
55.943917888196694,-3.1859318511084016,SE,55.94370575616234,-3.185719719074046,888.9254298765137,954.5118725067143
55.94370575616234,-3.185719719074046,NNW,55.943982920022094,-3.1858345241037553,888.9254298765137,953.2618725067143
55.943982920022094,-3.1858345241037553,SE,55.94377078798774,-3.1856223920693996,888.9254298765137,952.0118725067143
55.94377078798774,-3.1856223920693996,SE,55.94355865595338,-3.185410260035044,888.9254298765137,950.7618725067143
55.94355865595338,-3.185410260035044,S,55.94325865595338,-3.185410260035044,888.9254298765137,949.5118725067143
55.94325865595338,-3.185410260035044,NNE,55.943535819813135,-3.1852954550053343,888.9254298765137,948.2618725067143
55.943535819813135,-3.1852954550053343,S,55.94323581981313,-3.1852954550053343,888.9254298765137,947.0118725067143
55.94323581981313,-3.1852954550053343,SE,55.943023687778776,-3.1850833229709785,888.9254298765137,945.7618725067143
55.943023687778776,-3.1850833229709785,SW,55.94281155574442,-3.1852954550053343,888.9254298765137,944.5118725067143
55.94281155574442,-3.1852954550053343,ENE,55.94292636077413,-3.185018291145581,888.9254298765137,943.2618725067143
55.94292636077413,-3.185018291145581,WNW,55.94304116580384,-3.1852954550053343,888.9254298765137,942.0118725067143
55.94304116580384,-3.1852954550053343,SSE,55.942764001944084,-3.185180649975625,888.9254298765137,940.7618725067143
55.942764001944084,-3.185180649975625,E,55.942764001944084,-3.1848806499756246,888.9254298765137,939.5118725067143
55.942764001944084,-3.1848806499756246,NW,55.94297613397844,-3.1850927820099804,888.9254298765137,938.2618725067143
55.94297613397844,-3.1850927820099804,NNE,55.9432532978382,-3.184977976980271,888.9254298765137,937.0118725067143
55.9432532978382,-3.184977976980271,S,55.942953297838194,-3.184977976980271,888.9254298765137,935.7618725067143
55.942953297838194,-3.184977976980271,NNE,55.94323046169795,-3.1848631719505613,888.9254298765137,934.5118725067143
55.94323046169795,-3.1848631719505613,NE,55.94344259373231,-3.1846510399162056,888.9254298765137,933.2618725067143
55.94344259373231,-3.1846510399162056,NW,55.94365472576666,-3.1848631719505613,888.9254298765137,932.0118725067143
55.94365472576666,-3.1848631719505613,NW,55.94386685780102,-3.185075303984917,888.9254298765137,930.7618725067143
55.94386685780102,-3.185075303984917,SSW,55.94358969394126,-3.1851901090146266,888.9254298765137,929.5118725067143
55.94358969394126,-3.1851901090146266,SE,55.94337756190691,-3.184977976980271,888.9254298765137,928.2618725067143
55.94337756190691,-3.184977976980271,NW,55.94358969394126,-3.1851901090146266,888.9254298765137,927.0118725067143
55.94358969394126,-3.1851901090146266,NW,55.94380182597562,-3.1854022410489824,888.9254298765137,925.7618725067143
55.94380182597562,-3.1854022410489824,S,55.943501825975616,-3.1854022410489824,888.9254298765137,924.5118725067143
55.943501825975616,-3.1854022410489824,W,55.943501825975616,-3.1857022410489826,888.9254298765137,923.2618725067143
55.943501825975616,-3.1857022410489826,SSW,55.94322466211586,-3.185817046078692,1008.3477233807989,1017.4072441642384
55.94322466211586,-3.185817046078692,SE,55.9430125300815,-3.1856049140443363,1008.3477233807989,1016.1572441642384
55.9430125300815,-3.1856049140443363,ESE,55.94289772505179,-3.185327750184583,1008.3477233807989,1014.9072441642384
55.94289772505179,-3.185327750184583,SSE,55.94262056119204,-3.1852129451548734,1008.3477233807989,1013.6572441642384
55.94262056119204,-3.1852129451548734,E,55.94262056119204,-3.184912945154873,1008.3477233807989,1012.4072441642384
55.94262056119204,-3.184912945154873,W,55.94262056119204,-3.1852129451548734,1008.3477233807989,1011.1572441642384
55.94262056119204,-3.1852129451548734,WNW,55.94273536622175,-3.185490109014627,1008.3477233807989,1009.9072441642384
55.94273536622175,-3.185490109014627,NNW,55.9430125300815,-3.1856049140443363,1008.3477233807989,1008.6572441642384
55.9430125300815,-3.1856049140443363,W,55.9430125300815,-3.1859049140443365,1008.3477233807989,1007.4072441642384
55.9430125300815,-3.1859049140443365,SSW,55.94273536622175,-3.186019719074046,1008.3477233807989,1006.1572441642384
55.94273536622175,-3.186019719074046,W,55.94273536622175,-3.186319719074046,1008.3477233807989,1004.9072441642384
55.94273536622175,-3.186319719074046,WSW,55.94262056119204,-3.1865968829337996,1008.3477233807989,1003.6572441642384
55.94262056119204,-3.1865968829337996,NNW,55.94289772505179,-3.186711687963509,1008.3477233807989,1002.4072441642384
55.94289772505179,-3.186711687963509,SSW,55.94262056119204,-3.1868264929932186,1008.3477233807989,1001.1572441642384
55.94262056119204,-3.1868264929932186,NE,55.94283269322639,-3.186614360958863,1008.3477233807989,999.9072441642384
55.94283269322639,-3.186614360958863,NNW,55.94310985708615,-3.1867291659885724,1008.3477233807989,998.6572441642384
55.94310985708615,-3.1867291659885724,NNW,55.943387020945906,-3.186843971018282,1008.3477233807989,997.4072441642384
55.943387020945906,-3.186843971018282,WNW,55.943501825975616,-3.1871211348780353,1008.3477233807989,996.1572441642384
55.943501825975616,-3.1871211348780353,NW,55.94371395800997,-3.187333266912391,1008.3477233807989,994.9072441642384
55.94371395800997,-3.187333266912391,SW,55.943501825975616,-3.187545398946747,1008.3477233807989,993.6572441642384
55.943501825975616,-3.187545398946747,E,55.943501825975616,-3.1872453989467466,1008.3477233807989,992.4072441642384
55.943501825975616,-3.1872453989467466,WSW,55.943387020945906,-3.1875225628065,1008.3477233807989,991.1572441642384
55.943387020945906,-3.1875225628065,WSW,55.943272215916195,-3.1877997266662534,1008.3477233807989,989.9072441642384
55.943272215916195,-3.1877997266662534,SSW,55.94299505205644,-3.187914531695963,1008.3477233807989,988.6572441642384
55.94299505205644,-3.187914531695963,SE,55.94278292002208,-3.187702399661607,1008.3477233807989,987.4072441642384
55.94278292002208,-3.187702399661607,N,55.943082920022086,-3.187702399661607,1008.3477233807989,986.1572441642384
55.943082920022086,-3.187702399661607,N,55.94338292002209,-3.187702399661607,1008.3477233807989,984.9072441642384
55.94338292002209,-3.187702399661607,NE,55.943595052056445,-3.1874902676272514,1008.3477233807989,983.6572441642384
55.943595052056445,-3.1874902676272514,W,55.943595052056445,-3.1877902676272516,1008.3477233807989,982.4072441642384
55.943595052056445,-3.1877902676272516,N,55.94389505205645,-3.1877902676272516,1008.3477233807989,981.1572441642384
55.94389505205645,-3.1877902676272516,ENE,55.94400985708616,-3.187513103767498,1008.3477233807989,979.9072441642384
55.94400985708616,-3.187513103767498,S,55.943709857086155,-3.187513103767498,1008.3477233807989,978.6572441642384
55.943709857086155,-3.187513103767498,SSE,55.9434326932264,-3.1873982987377887,1008.3477233807989,977.4072441642384
55.9434326932264,-3.1873982987377887,ESE,55.94331788819669,-3.1871211348780353,1008.3477233807989,976.1572441642384
55.94331788819669,-3.1871211348780353,W,55.94331788819669,-3.1874211348780355,1008.3477233807989,974.9072441642384
55.94331788819669,-3.1874211348780355,SW,55.94310575616233,-3.1876332669123912,1008.3477233807989,973.6572441642384
55.94310575616233,-3.1876332669123912,WSW,55.94299095113262,-3.1879104307721446,1008.3477233807989,972.4072441642384
55.94299095113262,-3.1879104307721446,ENE,55.94310575616233,-3.1876332669123912,1008.3477233807989,971.1572441642384
55.94310575616233,-3.1876332669123912,WSW,55.94299095113262,-3.1879104307721446,1008.3477233807989,969.9072441642384
55.94299095113262,-3.1879104307721446,NW,55.94320308316698,-3.1881225628065004,1008.3477233807989,968.6572441642384
55.94320308316698,-3.1881225628065004,SW,55.94299095113262,-3.188334694840856,1008.3477233807989,967.4072441642384
55.94299095113262,-3.188334694840856,SSE,55.942713787272865,-3.1882198898111467,1008.3477233807989,966.1572441642384
55.942713787272865,-3.1882198898111467,WNW,55.942828592302575,-3.1884970536709,1008.3477233807989,964.9072441642384
55.942828592302575,-3.1884970536709,NNE,55.94310575616233,-3.1883822486411906,1008.3477233807989,963.6572441642384
55.94310575616233,-3.1883822486411906,NW,55.94331788819669,-3.1885943806755463,1008.3477233807989,962.4072441642384
55.94331788819669,-3.1885943806755463,S,55.943017888196685,-3.1885943806755463,1008.3477233807989,961.1572441642384
55.943017888196685,-3.1885943806755463,ENE,55.943132693226396,-3.188317216815793,1008.3477233807989,959.9072441642384
55.943132693226396,-3.188317216815793,E,55.943132693226396,-3.1880172168157928,1008.3477233807989,958.6572441642384
55.943132693226396,-3.1880172168157928,SW,55.94292056119204,-3.1882293488501485,1008.3477233807989,957.4072441642384
55.94292056119204,-3.1882293488501485,WNW,55.94303536622175,-3.188506512709902,1008.3477233807989,956.1572441642384
55.94303536622175,-3.188506512709902,W,55.94303536622175,-3.188806512709902,1008.3477233807989,954.9072441642384
55.94303536622175,-3.188806512709902,ESE,55.94292056119204,-3.1885293488501487,1008.3477233807989,953.6572441642384
55.94292056119204,-3.1885293488501487,NW,55.943132693226396,-3.1887414808845045,1008.3477233807989,952.4072441642384
55.943132693226396,-3.1887414808845045,NE,55.94334482526075,-3.1885293488501487,1008.3477233807989,951.1572441642384
55.94334482526075,-3.1885293488501487,SSW,55.943067661400995,-3.1886441538798582,1008.3477233807989,949.9072441642384
55.943067661400995,-3.1886441538798582,SSW,55.94279049754124,-3.1887589589095677,1008.3477233807989,948.6572441642384
55.94279049754124,-3.1887589589095677,NE,55.943002629575595,-3.188546826875212,1008.3477233807989,947.4072441642384
55.943002629575595,-3.188546826875212,S,55.94270262957559,-3.188546826875212,1008.3477233807989,946.1572441642384
55.94270262957559,-3.188546826875212,ENE,55.9428174346053,-3.1882696630154586,1008.3477233807989,944.9072441642384
55.9428174346053,-3.1882696630154586,ENE,55.94293223963501,-3.187992499155705,1008.3477233807989,943.6572441642384
55.94293223963501,-3.187992499155705,SW,55.94272010760066,-3.188204631190061,1008.3477233807989,942.4072441642384
55.94272010760066,-3.188204631190061,NE,55.94293223963501,-3.187992499155705,1008.3477233807989,941.1572441642384
55.94293223963501,-3.187992499155705,NNW,55.94320940349477,-3.1881073041854147,1008.3477233807989,939.9072441642384
55.94320940349477,-3.1881073041854147,WSW,55.94309459846506,-3.188384468045168,1008.3477233807989,938.6572441642384
55.94309459846506,-3.188384468045168,ENE,55.94320940349477,-3.1881073041854147,1008.3477233807989,937.4072441642384
55.94320940349477,-3.1881073041854147,ENE,55.94332420852448,-3.1878301403256613,1008.3477233807989,936.1572441642384
55.94332420852448,-3.1878301403256613,WSW,55.94320940349477,-3.1881073041854147,1008.3477233807989,934.9072441642384
55.94320940349477,-3.1881073041854147,SW,55.94299727146041,-3.1883194362197704,1008.3477233807989,933.6572441642384
